        1 HI_1215           1215.6700   0.41640   6.2650e+08   1.0079
        2 HI_1025           1025.7223   0.07912   1.8970e+08   1.0079
        3 HI_972             972.5368   0.02899   8.1260e+07   1.0079
        4 HI_949             949.7430   0.01394   4.2030e+07   1.0079
        5 HI_937             937.8035   0.00780   2.4500e+07   1.0079
        6 HI_930             930.7483   0.00481   1.2000e+07   1.0079
        7 HI_926             926.2257   0.00318   8.2000e+06   1.0079
        8 HI_923             923.1504   0.00222   5.8000e+06   1.0079
        9 HI_920             920.9631   0.00160   4.2000e+06   1.0079
       10 HI_919             919.3610   0.00120   3.1000e+06   1.0079
       11 HI_918             918.1290   0.00092   2.4000e+06   1.0079
       12 HI_917             917.1810   0.00072   1.9000e+06   1.0079
       13 HI_916             916.4290   0.00058   1.5000e+06   1.0079
       14 HI_915_8           915.8240   0.00047   1.2000e+06   1.0079
       15 HI_915_3           915.3290   0.00039   1.0000e+06   1.0079
       16 HI_914_9           914.9190   0.00032   8.5000e+05   1.0079
       17 HI_914_5           914.5760   0.00027   7.1000e+05   1.0079
       18 HI_914_2           914.2860   0.00023   6.0700e+05   1.0079
       19 HI_914_0           914.0390   0.00020   5.2000e+05   1.0079
       20 HI_913_8           913.8260   0.00017   4.5000e+05   1.0079
       21 HI_913_6           913.6410   0.00015   3.9000e+05   1.0079
       22 HI_913_4           913.4800   0.00013   3.3800e+05   1.0079
       23 HI_913_3           913.3390   0.00011   3.0000e+05   1.0079
       24 HI_913_2           913.2150   0.00010   2.6600e+05   1.0079
       25 HI_913_1           913.1040   0.00009   2.3700e+05   1.0079
       26 HI_913_0           913.0060   0.00008   2.1100e+05   1.0079
       27 HI_912_9           912.9180   0.00007   1.8900e+05   1.0079
       28 HI_912_8           912.8390   0.00006   1.7000e+05   1.0079
       29 HI_912_76          912.7680   0.00006   1.5400e+05   1.0079
       30 HI_912_70          912.7030   0.00005   1.4000e+05   1.0079
       31 HI_912_64          912.6450   0.00005   1.2700e+05   1.0079
       32 HI_912_59          912.5920   0.00004   1.1600e+05   1.0079
       33 HI_912_54          912.5430   0.00004   1.0600e+05   1.0079
       34 HI_912_49          912.4990   0.00004   9.7000e+04   1.0079
       35 HI_912_45          912.4580   0.00003   8.9000e+04   1.0079
       36 HI_912_42          912.4200   0.00003   8.2000e+04   1.0079
       37 HI_912_38          912.3850   0.00003   7.6000e+04   1.0079
       38 HI_912_35          912.3530   0.00003   7.0000e+04   1.0079
       39 HI_912_32          912.3240   0.00002   6.5000e+04   1.0079
       40 CI_1656           1656.9283   0.14800   4.2000e+08  12.0110
       41 CI_1277           1277.2454   0.10700   1.5720e+08  12.0110
       42 CI_945             945.1910   0.15200   6.0700e+09  12.0110
       43 CII_1334          1334.5323   0.12780   2.8700e+08  12.0105
       44 CII_1036          1036.3367   0.12310   2.2900e+09  12.0105
       45 CII_687            687.0526   0.33600   2.2000e+09  12.0105
       46 CII_903_9          903.9616   0.33600   4.1000e+09  12.0105
       47 CII_903_6          903.6235   0.16800   4.1900e+09  12.0105
       48 CII_594            594.8000   0.11700   1.1029e+09  12.0105
       49 CII_543            543.2570   0.03490   3.9438e+08  12.0105
       50 CII_530            530.2740   0.03620   4.2934e+08  12.0105
       51 CII_560            560.2393   0.05710   6.0671e+08  12.0105
       52 CIII_386           386.2028   0.23200   3.8000e+09  12.0099
       53 CIII_977           977.0200   0.76800   1.7750e+09  12.0099
       54 CIII_322           322.5741   0.04520   9.6600e+08  12.0099
       55 CIV_312_42         312.4220   0.13500   4.6000e+09  12.0094
       56 CIV_312_45         312.4530   0.06780   4.5816e+09  12.0094
       57 CIV_1550          1550.7700   0.09522   2.6410e+08  12.0094
       58 CIV_1548          1548.1949   0.19080   2.6450e+08  12.0094
       59 OI_1302           1302.1685   0.05040   3.8100e+08  15.9990
       60 OI_988             988.7734   0.04490   2.3000e+08  15.9990
       61 OI_877_8           877.8787   0.05890   3.1540e+08  15.9990
       62 OI_877_7           877.7983   0.01970   3.1900e+08  15.9990
       63 OI_791_9           791.9732   0.04640   4.9300e+08  15.9990
       64 OI_791_5           791.5136   0.01550   2.7500e+08  15.9990
       65 OII_834            834.4655   0.13200   1.3000e+09  15.9989
       66 OII_833            833.3294   0.08860   1.4000e+09  15.9989
       67 OII_832            832.7572   0.04440   8.5400e+08  15.9989
       68 OII_539_0          539.0855   0.06520   8.6000e+08  15.9989
       69 OII_539_5          539.5489   0.04350   8.6000e+08  15.9989
       70 OII_539_8          539.8544   0.02170   8.6000e+08  15.9989
       71 OII_430_1          430.1770   0.18600   3.9000e+09  15.9989
       72 OII_430_0          430.0410   0.12400   3.9000e+09  15.9989
       73 OII_429            429.9180   0.06180   4.4600e+09  15.9989
       74 OII_392            392.0020   0.08210   2.3800e+09  15.9989
       75 OII_391_94         391.9430   0.05480   2.3800e+09  15.9989
       76 OII_391_91         391.9120   0.02730   2.3700e+09  15.9989
       77 OII_376_7          376.7450   0.04360   1.3700e+09  15.9989
       78 OII_376_6          376.6930   0.02900   1.3600e+09  15.9989
       79 OIII_832           832.9270   0.10700   8.4300e+08  15.9983
       80 OIII_702           702.3320   0.13700   6.1800e+08  15.9983
       81 OIII_507           507.3910   0.18500   1.5900e+09  15.9983
       82 OIII_305           305.5960   0.47000   1.8218e+10  15.9983
       83 OIII_303           303.4110   0.16000   1.0280e+10  15.9983
       84 OIII_374           374.0050   0.08310   2.9000e+09  15.9983
       85 OIII_266           266.9670   0.11800   3.6800e+09  15.9983
       86 OIII_263           263.6920   0.10400   3.3300e+09  15.9983
       87 OIV_238            238.3600   0.50400   3.5900e+10  15.9978
       88 OIV_787            787.7110   0.11100   6.0000e+08  15.9978
       89 OIV_608            608.3980   0.06700   5.0000e+09  15.9978
       90 OIV_554            554.0750   0.22400   8.3000e+09  15.9978
       91 OIV_553            553.3300   0.11200   8.2000e+09  15.9978
       92 OV_629             629.7300   0.51400   3.0000e+09  15.9972
       93 OVI_1037          1037.6167   0.06609   4.0950e+08  15.9967
       94 OVI_1031          1031.9261   0.13290   4.1630e+08  15.9967
       95 NI_1199           1199.5496   0.16300   5.5000e+08  14.0070
       96 NI_1200_2         1200.2233   0.10800   5.3000e+08  14.0070
       97 NI_1200_7         1200.7098   0.05410   5.5000e+08  14.0070
       98 NII_671            671.4102   0.07660   1.3200e+09  14.0065
       99 NII_644            644.6337   0.22400   1.1100e+10  14.0065
      100 NII_915            915.6131   0.16000   1.1510e+09  14.0065
      101 NII_1083          1083.9937   0.10900   3.5080e+08  14.0065
      102 NII_533            533.5099   0.29900   3.6920e+09  14.0065
      103 NII_529            529.3572   0.10300   8.1723e+08  14.0065
      104 NII_475            475.6481   0.11900   1.1694e+09  14.0065
      105 NII_474            474.4909   0.04360   4.3100e+08  14.0065
      106 NII_453            453.2370   0.06250   6.7600e+08  14.0065
      107 NII_452            452.6390   0.02220   2.4090e+08  14.0065
      108 NII_442            442.0520   0.04610   5.2500e+08  14.0065
      109 NII_441            441.5990   0.01360   1.5500e+08  14.0065
      110 NIII_451           451.8690   0.03160   4.5000e+09  14.0060
      111 NIII_323_49        323.4930   0.03480   2.2200e+09  14.0060
      112 NIII_323_43        323.4360   0.01730   5.5200e+08  14.0060
      113 NIII_292           292.4470   0.04840   1.8880e+09  14.0060
      114 NIII_989           989.7990   0.12200   4.3520e+08  14.0060
      115 NIII_685           685.5130   0.26800   6.5000e+09  14.0060
      116 NIII_684           684.9960   0.13500   6.4000e+09  14.0060
      117 NIII_763           763.3400   0.08200   3.8000e+09  14.0060
      118 NIII_374           374.2040   0.44100   9.4000e+09  14.0060
      119 NIII_314           314.7150   0.19400   6.5322e+09  14.0060
      120 NIV_765            765.1480   0.61600   2.4000e+09  14.0053
      121 NIV_247            247.2050   0.32700   2.0000e+10  14.0053
      122 NV_1242           1242.8040   0.07800   3.3780e+08  14.0048
      123 NV_1238           1238.8210   0.15700   3.4110e+08  14.0048
      124 SiI_2515          2515.0725   0.23600   1.6620e+08  28.0860
      125 SiI_1845          1845.5201   0.27100   1.7700e+08  28.0860
      126 SiI_1631          1631.1705   0.20500   1.7130e+08  28.0860
      127 SiI_1255          1255.2720   0.28900   4.0800e+08  28.0860
      128 SiII_1808         1808.0126   0.00218   6.7490e+06  28.0850
      129 SiII_1526         1526.7065   0.13200   1.9600e+09  28.0850
      130 SiII_1304         1304.3702   0.09400   1.7200e+09  28.0850
      131 SiII_1260         1260.4221   1.18000   2.5330e+09  28.0850
      132 SiII_1193         1193.2897   0.58400   3.4950e+09  28.0850
      133 SiII_1190         1190.4158   0.25020   3.5030e+09  28.0850
      134 SiII_989           989.8670   0.20000   7.8700e+08  28.0850
      135 SiIII_1206        1206.5000   1.68000   2.5500e+09  28.0844
      136 SiIV_1393         1393.7550   0.52400   8.8250e+08  28.0840
      137 SiIV_1402         1402.7700   0.26000   8.6560e+08  28.0840
      138 SiIV_457           457.8180   0.02300   3.6000e+08  28.0840
      139 SiIV_458           458.1550   0.01100   3.6000e+08  28.0840
      140 SiVII_275          275.3520   0.10600   9.3251e+09  28.0822
      141 SiVII_272          272.6410   0.03560   1.6300e+10  28.0822
      142 SiVIII_319         319.8290   0.08820   4.9000e+09  28.0822
      143 SiVIII_316         316.2020   0.05940   5.0000e+09  28.0822
      144 SiVIII_314         314.3100   0.02990   5.2000e+09  28.0822
      145 SiIX_341           341.9500   0.07050   2.8760e+09  28.0816
      146 SiIX_290           290.6300   0.07950   2.1000e+10  28.0816
      147 SI_1807           1807.3113   0.08450   7.0300e+08  32.0640
      148 SI_1425_0         1425.0299   0.12100   3.5000e+08  32.0640
      149 SI_1425_1         1425.1877   0.02160   3.5900e+08  32.0640
      150 SI_1296           1296.1740   0.02780   5.2000e+08  32.0640
      151 SI_1295           1295.6531   0.08360   6.1000e+08  32.0640
      152 SII_1250          1250.5840   0.00545   4.4354e+07  32.0640
      153 SII_1253          1253.8110   0.01088   4.3702e+07  32.0640
      154 SII_1259          1259.5190   0.01624   4.4568e+07  32.0640
      155 SII_765            765.6930   1.19000   9.0255e+09  32.0640
      156 SII_764            764.4200   0.79500   9.0750e+09  32.0640
      157 SII_763            763.6570   0.39800   9.1000e+09  32.0640
      158 SII_906            906.8850   0.18700   1.0000e+09  32.0640
      159 SII_910            910.4840   0.12400   9.9800e+08  32.0640
      160 SII_912            912.7350   0.06200   9.9300e+08  32.0640
      161 SII_641            641.7670   0.26000   2.8070e+09  32.0640
      162 SII_640_9          640.9020   0.17400   2.8300e+09  32.0640
      163 SII_640_4          640.4120   0.08680   2.8200e+09  32.0640
      164 SII_594            594.4750   0.08280   1.0400e+09  32.0640
      165 SII_593_8          593.8350   0.05520   1.0400e+09  32.0640
      166 SII_593_5          593.5070   0.02760   1.0500e+09  32.0640
      167 SII_571_7          571.7790   0.03600   4.9000e+08  32.0640
      168 SII_571_3          571.3640   0.02410   4.9200e+08  32.0640
      169 SII_571_1          571.1560   0.01200   4.9100e+08  32.0640
      170 SIII_1012         1012.5020   0.03550   2.2810e+08  32.0630
      171 SIII_1190         1190.2080   0.02217   6.2320e+07  32.0630
      172 SIII_677           677.7460   1.64000   7.9381e+09  32.0630
      173 SIII_698           698.7300   0.78300   3.5657e+09  32.0630
      174 SIII_724           724.2890   0.35200   1.4918e+09  32.0630
      175 SIII_681           681.4700   0.06830   3.2700e+08  32.0630
      176 SIII_484           484.1720   0.05780   5.4800e+08  32.0630
      177 SIV_657            657.3400   1.18000   2.0000e+08  32.0620
      178 SIV_748            748.4000   0.50000   8.8000e+09  32.0620
      179 SIV_744            744.9200   0.25100   2.2000e+09  32.0620
      180 SIV_809            809.6680   0.10400   1.0581e+09  32.0620
      181 SIV_1062          1062.6620   0.03999   1.4100e+08  32.0620
      182 SIV_551            551.1700   0.08690   6.1000e+09  32.0620
      183 SV_786             786.4800   1.46000   5.2500e+09  32.0620
      184 SVI_933            933.3780   0.44140   1.6900e+09  32.0610
      185 SVI_944            944.5230   0.21810   1.6310e+09  32.0610
      186 AlI_3945          3945.1223   0.12300   1.4700e+08  26.9815
      187 AlI_3083          3083.0479   0.16200   7.3000e+07  26.9815
      188 AlI_2367          2367.7761   0.12800   8.5000e+07  26.9815
      189 AlI_1765          1765.6320   0.53100   1.1361e+09  26.9815
      190 AlI_1762          1762.8920   0.26600   2.8500e+08  26.9815
      191 AlII_1670         1670.7874   1.88000   1.4600e+09  26.9810
      192 AlIII_1854        1854.7164   0.57500   5.4320e+08  26.9800
      193 AlIII_1862        1862.7896   0.28600   5.3610e+08  26.9800
      194 AlIII_560          560.3900   0.00680   4.8000e+07  26.9800
      195 AlIII_695          695.8170   0.00760   5.3000e+07  26.9800
      196 AlIII_696          696.2120   0.00370   5.1000e+07  26.9800
      197 AlVI_309           309.5970   0.11200   7.7938e+09  26.9788
      198 HeI_584            584.3340   0.27620   1.8010e+09   4.0026
      199 HeI_537            537.0300   0.07340   5.7960e+08   4.0026
      200 HeI_522            522.2130   0.03020   2.5500e+08   4.0026
      201 HeI_515            515.6155   0.01540   1.2800e+08   4.0026
      202 HeI_512            512.0982   0.00883   7.1900e+07   4.0026
      203 HeI_509            509.9979   0.00553   5.0700e+07   4.0026
      204 HeI_508            508.6431   0.00369   3.4300e+07   4.0026
      205 HeI_507_7          507.7178   0.00259   2.3700e+07   4.0026
      206 HeI_507_0          507.0576   0.00188   1.8100e+07   4.0026
      207 HeII_303           303.7822   0.41600   1.0000e+10   4.0020
      208 HeII_256           256.3170   0.07900   2.6735e+09   4.0020
      209 HeII_243           243.0270   0.02900   1.0900e+09   4.0020
      210 HeII_237           237.3310   0.01390   5.5000e+08   4.0020
      211 NeI_735            735.8962   0.14900   6.6400e+08  20.1830
      212 NeII_460           460.7284   0.08570   3.1000e+10  20.1830
      213 NeII_446           446.2556   0.09740   3.2600e+09  20.1830
      214 NeII_445           445.0397   0.01950   1.3100e+09  20.1830
      215 NeII_405           405.8538   0.05860   1.5800e+09  20.1830
      216 NeII_356_7         356.7995   0.09940   3.4700e+09  20.1830
      217 NeII_356_5         356.5405   0.01100   5.7700e+08  20.1830
      218 NeIII_283_16       283.1670   0.06180   2.8000e+09  20.1790
      219 NeIII_283_14       283.1460   0.01100   2.8100e+09  20.1790
      220 NeIII_489          489.5050   0.13100   6.9000e+09  20.1790
      221 NeIII_488          488.1080   0.04380   7.1000e+09  20.1790
      222 NeIII_313          313.0590   0.05460   8.1000e+09  20.1790
      223 NeIV_543           543.8910   0.11600   2.5000e+09  20.1780
      224 NeIV_542           542.0730   0.07790   2.5000e+09  20.1780
      225 NeIV_541           541.1270   0.03900   2.5000e+09  20.1780
      226 NeV_568            568.4200   0.09280   1.3500e+09  20.1780
      227 NeV_480            480.4100   0.11000   8.0000e+09  20.1780
      228 NeV_357            357.9500   0.13900   2.1800e+10  20.1780
      229 NeVI_433           433.1760   0.05050   3.3000e+09  20.1770
      230 NeVI_558           558.5900   0.09070   1.7800e+09  20.1770
      231 NeVI_401           401.1400   0.16800   1.0300e+10  20.1770
      232 NeVI_399           399.8200   0.08440   1.0300e+10  20.1770
      233 NeVII_465          465.2210   0.38900   5.8000e+09  20.1760
      234 NeVIII_770         770.4090   0.10300   5.7200e+08  20.1760
      235 NeVIII_780         780.3240   0.05050   5.5000e+08  20.1760
      236 PIV_950            950.6570   1.16300   2.8600e+09  30.9720
      237 PV_1128           1128.0081   0.23450   1.2290e+09  30.9720
      238 PV_1117           1117.9771   0.47320   1.2630e+09  30.9720
      239 MgI_2852          2852.9641   1.83000   5.0000e+08  24.3050
      240 MgI_2026          2026.4768   0.12200   7.2500e+07  24.3050
      241 MgI_1827          1827.9351   0.02830   1.8831e+07  24.3050
      242 MgII_2796         2796.3521   0.62900   2.6120e+08  24.3040
      243 MgII_2803         2803.5310   0.31400   2.5920e+08  24.3040
      244 MgV_353            353.0910   0.11800   6.3130e+09  24.3030
      245 MgVI_401           401.7600   0.26000   3.6000e+09  24.3020
      246 MgIX_368           368.0710   0.31400   5.1531e+09  24.3006
      247 FeI_3021          3021.5188   0.10400   7.6000e+07  55.8470
      248 FeI_2984          2984.4402   0.02900   2.7900e+07  55.8470
      249 FeI_2719          2719.8330   0.11900   1.3800e+08  55.8470
      250 FeI_2523          2523.6084   0.27900   2.9220e+08  55.8470
      251 FeI_2484          2484.0205   0.55700   4.9263e+08  55.8470
      252 FeI_2167          2167.4534   0.15000   2.7382e+08  55.8470
      253 FeII_1608         1608.4510   0.05800   1.5959e+08  55.8465
      254 FeII_2249         2249.8767   0.00251   4.1342e+06  55.8465
      255 FeII_2260         2260.7805   0.00372   3.1842e+06  55.8465
      256 FeII_2600         2600.1729   0.23900   2.7000e+08  55.8465
      257 FeII_2586         2586.6499   0.06910   2.7200e+08  55.8465
      258 FeII_2382         2382.7649   0.30060   3.1000e+08  55.8465
      259 FeII_2374         2374.4612   0.03260   2.9900e+08  55.8465
      260 FeII_2344         2344.2141   0.19070   2.6800e+08  55.8465
      261 FeII_1144         1144.9379   0.10600   4.4500e+08  55.8465
      262 FeII_1143         1143.2260   0.01331   6.7900e+07  55.8465
      263 FeII_1142         1142.3656   0.00247   3.1950e+07  55.8465
      264 FeIII_1122        1122.5260   0.16200   5.3660e+08  55.8459
      265 FeIII_859          859.7230   0.11500   8.4909e+08  55.8459
      266 FeIII_858          858.6090   0.01570   1.4200e+08  55.8459
      267 FeIV_525           525.6890   0.18300   3.3127e+09  55.8454
      268 FeIV_526_2         526.2930   0.13800   3.3231e+09  55.8454
      269 FeIV_526_6         526.6340   0.09140   3.3000e+09  55.8454
      270 FeV_386            386.2610   0.17300   2.5780e+09  55.8448
      271 FeV_387            387.9840   0.08070   1.1919e+09  55.8448
      272 FeV_365            365.4400   0.07690   1.2803e+09  55.8448
      273 FeVI_294           294.5160   0.11200   8.6100e+09  55.8443
      274 FeVI_293           293.8200   0.02820   1.4500e+09  55.8443
      275 AgII_580           580.2631   0.49300   6.5108e+09  39.9475
      276 AgIII_476          476.4360   1.50000   3.1483e+10  39.9469
      277 AgIV_451_2         451.2000   0.52100   3.4140e+10  39.9464
      278 AgIV_451_8         451.8700   1.04000   3.3970e+10  39.9464
      279 AgIV_452           452.9100   1.56000   3.3817e+10  39.9464
      280 AgV_445            445.9970   1.40000   1.5648e+10  39.9458
      281 AgV_822            822.1590   0.51000   2.9800e+09  39.9458
      282 AgVI_457           457.4800   0.94200   1.5011e+10  39.9453
      283 AgVII_585          585.7500   1.24000   8.0353e+09  39.9447
      284 AgVIII_700         700.2450   0.38500   2.6185e+09  39.9442
      285 MnI_2801          2801.9070   0.29000   3.6900e+08  54.9380
      286 MnI_2799          2799.0940   0.41900   3.5700e+08  54.9380
      287 MnI_2795          2795.6411   0.56500   3.6200e+08  54.9380
      288 MnII_1201         1201.1180   0.08810   5.7000e+08  54.9375
      289 MnII_1199         1199.3910   0.10600   4.9100e+08  54.9375
      290 MnII_1197         1197.1840   0.15700   5.6800e+08  54.9375
      291 MnII_2606         2606.4619   0.19270   2.6480e+08  54.9375
      292 MnII_2594         2594.4990   0.27100   2.6850e+08  54.9375
      293 MnII_2576         2576.8770   0.35080   2.7410e+08  54.9375
      294 ZnI_2139          2139.2473   1.46000   7.0900e+08  65.3700
      295 ZnI_1589          1589.5610   1.22000   1.0700e+08  65.3700
      296 ZnII_2062         2062.6641   0.25600   3.9650e+08  65.3690
      297 ZnII_2026         2026.1360   0.48900   4.1840e+08  65.3690
      298 CrI_4255          4255.5288   0.11000   3.1500e+07  51.9960
      299 CrI_3606          3606.3501   0.22500   1.6155e+08  51.9960
      300 CrI_3594          3594.5071   0.29000   1.5000e+08  51.9960
      301 CrI_3579          3579.7051   0.36600   1.4800e+08  51.9960
      302 CrII_2066         2066.1609   0.05150   1.6360e+08  51.9954
      303 CrII_2062         2062.2339   0.07800   1.6470e+08  51.9954
      304 CrII_2056         2056.2539   0.10500   1.6560e+08  51.9954
      305 NiI_2346          2346.2590   0.14300   2.2280e+08  58.7100
      306 NiI_2320          2320.7439   0.68500   6.9400e+08  58.7100
      307 NiI_2311          2311.6689   0.37700   4.7060e+08  58.7100
      308 NiI_2290          2290.6899   0.12800   2.0920e+08  58.7100
      309 NiII_1741         1741.5490   0.10400   2.2870e+08  58.7094
      310 NiII_1370         1370.1320   0.13100   6.9820e+08  58.7094
      311 NiII_1317         1317.2170   0.14600   4.2094e+08  58.7094
      312 CaII_3934         3934.7771   0.65000   1.5000e+08  40.0800
      313 CaII_3969         3969.5911   0.32200   1.4600e+08  40.0800
      314 NiII_1709         1709.6000   0.06880   1.5710e+08  40.0800
      315 NiII_1751         1751.9100   0.06380   1.0400e+08  40.0800
      316 TiII_1910.6       1910.6000   0.20200   3.5630e+08  47.8800
      317 TiII_1910.9       1910.9700   0.09800   1.2900e+08  47.8800
      318 FeII_1611         1611.2004   0.00136   1.5959e+08  55.8465
      319 FeII_1096         1096.8770   0.03240   1.5959e+08  55.8465
      320 FeII_1063         1063.1760   0.06000   1.5959e+08  55.8465
      321 PII_963            963.8010   1.45800   1.5959e+08  55.8465
      322 PII_1152          1152.8180   0.23600   1.5959e+08  55.8465
      323 NI_1134a          1134.1653   0.01342   1.5959e+08  14.0070
      324 NI_1134b          1134.4149   0.02683   1.5959e+08  14.0070
      325 NI_1134c          1134.9803   0.04023   1.5959e+08  14.0070
      326 OI_1039           1039.2303   0.00919   3.8100e+08  15.9990
      327 ArI_1048          1048.2198   0.26280   3.8100e+08  39.9480
      328 ArI_1066          1066.6600   0.06747   3.8100e+08  39.9480
      329 DI_1215           1215.3394   0.41650   6.2700e+08   2.0136
      330 DI_1025           1025.4432   0.07916   1.8970e+08   2.0136
      331 DI_972             972.2722   0.02901   8.1270e+07   2.0136
      332 DI_949             949.4846   0.01395   4.2040e+07   2.0136
      333 DI_937             937.5483   0.00781   2.4500e+07   2.0136
      334 DI_930             930.4950   0.00482   1.2000e+07   2.0136
      335 DI_925             925.9737   0.00319   8.2000e+06   2.0136
      336 DI_922             922.8992   0.00222   5.8000e+06   2.0136
      337 DI_920             920.7125   0.00161   4.2000e+06   2.0136
      338 DI_919             919.1013   0.00120   3.1000e+06   2.0136
      339 DI_917             917.8796   0.00092   2.4000e+06   2.0136
      340 DI_916_9           916.9310   0.00072   1.9000e+06   2.0136
      341 DI_916_1           916.1798   0.00058   1.5000e+06   2.0136
      342 DI_915_5           915.5746   0.00047   1.2000e+06   2.0136
      343 DI_915_0           915.0799   0.00039   1.0000e+06   2.0136
      344 DI_914_3           914.6704   0.00032   8.5000e+05   2.0136
