2.0
-0.7
16.0
2500
5000
0.03
3.0e12
1.0e16
3.0
100
1
20
100
2.3e21
20
1.9205
6.86626E+18
6.2000 
1.9195227   
4.84518E+18
6.2258 
1.9195875   
1.52816E+19
6.1070 
1.9197465   
3.58988E+19
4.7808 
1.9198530   
2.54302E+20
6.1868 
1.9199533   
2.73558E+20
4.2302 
1.9200097   
1.29378E+20
1.1717 
1.9201376   
7.19234E+19
6.9910 
1.9202508   
1.78242E+19
1.6828 
1.9203205   
1.92411E+20
5.3619 
1.9204033   
7.97591E+19
2.6049 
1.9204894   
3.49068E+20
6.1892 
1.9205797   
3.38548E+20
5.6625 
1.9206892   
1.24779E+20
4.6715 
1.9207960   
2.05992E+20
8.6474 
1.9209163   
1.55257E+20
9.7206 
1.9210907   
1.96191E+19
2.5931 
1.9212662   
2.14023E+19
6.1440 
1.9213564   
3.54764E+18
3.6581 
1.9214532   
